00F10.x.atnbed.im 3340.28801321 156993.536621 472974.0
00F10n15.x.atnbed.im 3339.89397786 150295.229004 467240.0
00F10p15.x.atnbed.im 3341.69478861 160401.349854 475659.0
00F90.x.atnbed.im 2946.27755033 153206.432617 439258.0
00F90n15.x.atnbed.im 2946.26925293 147313.462646 433826.0
00F90p15.x.atnbed.im 2946.88458807 162078.652344 447560.0
00FRef.x.atnbed.im 3085.18952637 154259.476318 452733.0
00FRefn15.x.atnbed.im 3081.46199717 144828.713867 444101.0
00FRefp15.x.atnbed.im 3087.53176222 157464.119873 455768.0
00M10.x.atnbed.im 3340.30325382 156994.25293 472970.0
00M10n15.x.atnbed.im 3339.87806532 150294.512939 467237.0
00M10p15.x.atnbed.im 3341.70648702 160401.911377 475654.0
00M90.x.atnbed.im 2946.28467736 153206.803223 439252.0
00M90n15.x.atnbed.im 2946.28128418 147314.064209 433817.0
00M90p15.x.atnbed.im 2946.89431374 162079.187256 447555.0
00MRef.x.atnbed.im 3085.18555664 154259.277832 452727.0
00MRefn15.x.atnbed.im 3081.47589241 144829.366943 444094.0
00MRefp15.x.atnbed.im 3084.90994028 160415.316895 457992.0
01F10.x.atnbed.im 5120.42839499 348189.130859 827412.0
01F10n15.x.atnbed.im 5124.40747833 327962.078613 809172.0
01FRef.x.atnbed.im 4866.97401794 345555.155273 799398.0
01F90.x.atnbed.im 4863.41259087 350165.706543 804812.0
01M90.x.atnbed.im 4863.40909153 350165.45459 804813.0
01F10p15.x.atnbed.im 5118.4098005 358288.686035 836496.0
01M90n15.x.atnbed.im 4868.48099293 331056.70752 787342.0
01F90n15.x.atnbed.im 4868.49513873 331057.669434 787343.0
01M10p15.x.atnbed.im 5118.40882394 358288.617676 836498.0
01F90p15.x.atnbed.im 4858.48565353 369244.909668 822224.0
01FRefp15.x.atnbed.im 4862.61951172 364696.463379 817408.0
01M10n15.x.atnbed.im 5124.39653015 327961.37793 809172.0
01M90p15.x.atnbed.im 4858.49214895 369245.40332 822223.0
01M10.x.atnbed.im 5120.43436926 348189.537109 827414.0
01FRefn15.x.atnbed.im 4867.14904239 326098.98584 781248.0
01MRef.x.atnbed.im 4866.98963606 345556.26416 799397.0
01MRefn15.x.atnbed.im 4884.34648292 327251.214355 783984.0
01MRefp15.x.atnbed.im 4879.25931641 365944.44873 820163.0
05F10.x.atnbed.im 5594.07648152 458714.271484 1.02829e+06
05F10n15.x.atnbed.im 5589.00795022 435942.620117 1.00525e+06
05F10p15.x.atnbed.im 5594.45036564 481122.731445 1.0503e+06
05F90.x.atnbed.im 5576.77881421 485179.756836 1.03975e+06
05F90n15.x.atnbed.im 5590.61071042 464020.688965 1.01962e+06
05F90p15.x.atnbed.im 5588.89244013 514178.104492 1.0691e+06
05FRef.x.atnbed.im 5874.58203125 511088.636719 1.0878e+06
05FRefn15.x.atnbed.im 5879.34473245 487985.612793 1.06535e+06
05FRefp15.x.atnbed.im 5867.43160222 522201.412598 1.09814e+06
05M10.x.atnbed.im 5574.48133813 457107.469727 1.0206e+06
05M10n15.x.atnbed.im 5574.10727789 434780.367676 998600.0
05M10p15.x.atnbed.im 5587.8672897 480556.586914 1.04503e+06
05M90.x.atnbed.im 5568.77360587 484483.303711 1.03677e+06
05M90n15.x.atnbed.im 5572.70979622 462534.913086 1.01509e+06
05M90p15.x.atnbed.im 5569.93871009 512434.361328 1.06388e+06
05MRef.x.atnbed.im 5874.57077272 511087.657227 1.0878e+06
05MRefp15.x.atnbed.im 5867.42998925 522201.269043 1.09814e+06
05MRefn15.x.atnbed.im 5879.3258189 487984.042969 1.06535e+06
10F10.x.atnbed.im 8220.6356252 789181.02002 1.61122e+06
10F90.x.atnbed.im 7247.79802497 775514.388672 1.47573e+06
10F10n15.x.atnbed.im 8210.69447545 747173.197266 1.5691e+06
10F10p15.x.atnbed.im 8217.17234848 813500.0625 1.63596e+06
10F90n15.x.atnbed.im 7258.65339691 740382.646484 1.44151e+06
10FRefp15.x.atnbed.im 7534.37096178 836315.176758 1.5639e+06
10M90p15.x.atnbed.im 6528.17360378 724627.27002 1.35845e+06
10FRef.x.atnbed.im 7545.36226818 807353.762695 1.53589e+06
10FRefn15.x.atnbed.im 7463.57709099 761284.863281 1.48898e+06
10F90p15.x.atnbed.im 7241.99145728 803861.051758 1.50385e+06
10M10n15.x.atnbed.im 6727.3376641 652551.753418 1.30172e+06
10M10.x.atnbed.im 6715.03794574 678218.83252 1.32674e+06
10MRef.x.atnbed.im 7545.36226818 807353.762695 1.53589e+06
10M90n15.x.atnbed.im 6533.2666255 666393.195801 1.30064e+06
10M90.x.atnbed.im 6531.67742407 698889.484375 1.33285e+06
10MRefn15.x.atnbed.im 7463.57709099 761284.863281 1.48898e+06
10M10p15.x.atnbed.im 6711.35350167 704692.117676 1.35342e+06
10MRefp15.x.atnbed.im 7534.37096178 836315.176758 1.5639e+06
15F10.x.atnbed.im 8493.84878743 1019261.85449 1.87726e+06
15F10n15.x.atnbed.im 8493.48718476 968257.539062 1.82375e+06
15F90.x.atnbed.im 7230.73622233 867688.34668 1.62965e+06
15F10p15.x.atnbed.im 8494.8215017 1053357.86621 1.91305e+06
15F90n15.x.atnbed.im 7227.30183491 823912.40918 1.58165e+06
15FRef.x.atnbed.im 9499.27550649 1120914.50977 2.06588e+06
15F90p15.x.atnbed.im 7235.41312469 911662.053711 1.67812e+06
15M10n15.x.atnbed.im 9701.70771774 979872.479492 1.95118e+06
15FRefn15.x.atnbed.im 9502.0022583 1064224.25293 2.00732e+06
15M90n15.x.atnbed.im 8183.04928642 932867.618652 1.77853e+06
15FRefp15.x.atnbed.im 9494.51427528 1167825.25586 2.11451e+06
15MRefn15.x.atnbed.im 9888.61962426 1038305.06055 2.01229e+06
15MRef.x.atnbed.im 9891.72405849 1157331.71484 2.14791e+06
15M10p15.x.atnbed.im 9681.5529652 1064970.82617 2.04251e+06
15M10.x.atnbed.im 9688.3959824 1036658.37012 2.01181e+06
15M90.x.atnbed.im 8180.99344308 973538.219727 1.82132e+06
15MRefp15.x.atnbed.im 9849.82155616 1152429.12207 2.13376e+06
15M90p15.x.atnbed.im 8192.64538159 1204318.87109 2.06734e+06
